5.000000000000000278e-02 4.159583956462708116e+07
1.000000000000000056e-01 2.941270022529549897e+07
1.499999999999999944e-01 2.401536916980593279e+07
2.000000000000000111e-01 2.079791978231354058e+07
2.500000000000000000e-01 1.860222496953628212e+07
2.999999999999999889e-01 1.698143039266812056e+07
3.499999999999999778e-01 1.572174958042063750e+07
4.000000000000000222e-01 1.470635011264774948e+07
4.500000000000000111e-01 1.386527985487569310e+07
5.000000000000000000e-01 1.315375942111682147e+07
5.500000000000000444e-01 1.254161751597164758e+07
5.999999999999999778e-01 1.200768458490296640e+07
6.500000000000000222e-01 1.153661018432589620e+07
6.999999999999999556e-01 1.111695574043219164e+07
7.500000000000000000e-01 1.073999959368775040e+07
8.000000000000000444e-01 1.039895989115677029e+07
8.499999999999999778e-01 1.008847294771785662e+07
9.000000000000000222e-01 9.804233408431831747e+06
9.499999999999999556e-01 9.542740059681070969e+06
1.000000000000000000e+00 9.301112484768141061e+06
1.050000000000000044e+00 9.076956352387741208e+06
1.100000000000000089e+00 8.868262792591536418e+06
1.149999999999999911e+00 8.673332114030303434e+06
1.199999999999999956e+00 8.490715196334060282e+06
1.250000000000000000e+00 8.319167912925415672e+06
1.300000000000000044e+00 8.157615293242625892e+06
1.350000000000000089e+00 8.005123056601976044e+06
1.399999999999999911e+00 7.860874790210318752e+06
1.449999999999999956e+00 7.724153494711820036e+06
1.500000000000000000e+00 7.594326542637373321e+06
1.550000000000000044e+00 7.470833328062119894e+06
1.600000000000000089e+00 7.353175056323874742e+06
1.649999999999999911e+00 7.240906248919556849e+06
1.699999999999999956e+00 7.133627633148335852e+06
1.750000000000000000e+00 7.030980157409868203e+06
1.800000000000000044e+00 6.932639927437846549e+06
1.850000000000000089e+00 6.838313900540805422e+06
1.899999999999999911e+00 6.747736207301003858e+06
1.949999999999999956e+00 6.660664995456334203e+06
2.000000000000000000e+00 6.576879710558410734e+06
2.049999999999999822e+00 6.496178743722728454e+06
2.100000000000000089e+00 6.418377389307681471e+06
2.149999999999999911e+00 6.343306065390022472e+06
2.200000000000000178e+00 6.270808757985823788e+06
2.250000000000000000e+00 6.200741656512093730e+06
2.299999999999999822e+00 6.132971953313880600e+06
2.350000000000000089e+00 6.067376784442114644e+06
2.399999999999999911e+00 6.003842292451483198e+06
2.450000000000000178e+00 5.942262794946725480e+06
2.500000000000000000e+00 5.882540045059098862e+06
2.549999999999999822e+00 5.824582572077161632e+06
2.600000000000000089e+00 5.768305092162948102e+06
2.649999999999999911e+00 5.713627980516366661e+06
2.700000000000000178e+00 5.660476797556040809e+06
2.750000000000000000e+00 5.608781862702932209e+06
2.799999999999999822e+00 5.558477870216095820e+06
2.850000000000000089e+00 5.509503542263492011e+06
2.899999999999999911e+00 5.461801315036497079e+06
2.950000000000000178e+00 5.415317054251866415e+06
3.000000000000000000e+00 5.369999796843875200e+06
3.049999999999999822e+00 5.325801516044161282e+06
3.100000000000000089e+00 5.282676907387187704e+06
3.149999999999999911e+00 5.240583193473545834e+06
3.200000000000000178e+00 5.199479945578385144e+06
3.250000000000000000e+00 5.159328920413815416e+06
3.299999999999999822e+00 5.120093910547065549e+06
3.350000000000000089e+00 5.081740607144507580e+06
3.399999999999999911e+00 5.044236473858928308e+06
3.450000000000000178e+00 5.007550630806420930e+06
3.500000000000000000e+00 4.971653747692577541e+06
3.549999999999999822e+00 4.936517945247361436e+06
3.600000000000000089e+00 4.902116704215915874e+06
3.649999999999999911e+00 4.868424781230148859e+06
3.700000000000000178e+00 4.835418130954633467e+06
3.750000000000000000e+00 4.803073833961185999e+06
3.799999999999999822e+00 4.771370029840535484e+06
3.850000000000000089e+00 4.740285855107516982e+06
3.899999999999999911e+00 4.709801385499038734e+06
3.950000000000000178e+00 4.679897582302194089e+06
4.000000000000000000e+00 4.650556242384070531e+06
4.049999999999999822e+00 4.621759951625230722e+06
4.099999999999999645e+00 4.593492041486249305e+06
4.150000000000000355e+00 4.565736548461173661e+06
4.200000000000000178e+00 4.538478176193870604e+06
4.250000000000000000e+00 4.511702260052962229e+06
4.299999999999999822e+00 4.485394733979041688e+06
4.349999999999999645e+00 4.459542099433857948e+06
4.400000000000000355e+00 4.434131396295768209e+06
4.450000000000000178e+00 4.409150175558937714e+06
4.500000000000000000e+00 4.384586473705607466e+06
4.549999999999999822e+00 4.360428788631620817e+06
4.599999999999999645e+00 4.336666057015151717e+06
4.650000000000000355e+00 4.313287633027492091e+06
4.700000000000000178e+00 4.290283268292848952e+06
4.750000000000000000e+00 4.267643093011454679e+06
4.799999999999999822e+00 4.245357598167030141e+06
4.849999999999999645e+00 4.223417618745736778e+06
4.900000000000000355e+00 4.201814317899356596e+06
4.950000000000000178e+00 4.180539171990549657e+06
5.000000000000000000e+00 4.159583956462707836e+06
5.049999999999999822e+00 4.138940732481202576e+06
5.099999999999999645e+00 4.118601834296743851e+06
5.150000000000000355e+00 4.098559857285174541e+06
5.200000000000000178e+00 4.078807646621312946e+06
5.250000000000000000e+00 4.059338286547504831e+06
5.299999999999999822e+00 4.040145090200322215e+06
5.349999999999999645e+00 4.021221589961428661e+06
5.400000000000000355e+00 4.002561528300988022e+06
5.450000000000000178e+00 3.984158849084175192e+06
5.500000000000000000e+00 3.966007689313358162e+06
5.549999999999999822e+00 3.948102371280394029e+06
5.599999999999999645e+00 3.930437395105159376e+06
5.650000000000000355e+00 3.913007431638077833e+06
5.700000000000000178e+00 3.895807315705819055e+06
5.750000000000000000e+00 3.878832039680743124e+06
5.799999999999999822e+00 3.862076747355910018e+06
5.849999999999999645e+00 3.845536728108631447e+06
5.900000000000000355e+00 3.829207411336653866e+06
5.950000000000000178e+00 3.813084361152025405e+06
6.000000000000000000e+00 3.797163271318686660e+06
6.049999999999999822e+00 3.781439960420643911e+06
6.099999999999999645e+00 3.765910367248421535e+06
6.150000000000000355e+00 3.750570546392242424e+06
6.200000000000000178e+00 3.735416664031059947e+06
6.250000000000000000e+00 3.720444993907256052e+06
6.299999999999999822e+00 3.705651913477397058e+06
6.349999999999999645e+00 3.691033900230016559e+06
6.400000000000000355e+00 3.676587528161937371e+06
6.450000000000000178e+00 3.662309464405115228e+06
6.500000000000000000e+00 3.648196465996478684e+06
6.549999999999999822e+00 3.634245376783637796e+06
6.599999999999999645e+00 3.620453124459778424e+06
6.650000000000000355e+00 3.606816717721397057e+06
6.700000000000000178e+00 3.593333243542924523e+06
6.750000000000000000e+00 3.579999864562583622e+06
6.799999999999999822e+00 3.566813816574167926e+06
6.849999999999999645e+00 3.553772406119696796e+06
6.900000000000000355e+00 3.540873008178194053e+06
6.950000000000000178e+00 3.528113063946083188e+06
7.000000000000000000e+00 3.515490078704934102e+06
7.049999999999999822e+00 3.503001619772540871e+06
7.099999999999999645e+00 3.490645314533491153e+06
7.150000000000000355e+00 3.478418848545622081e+06
7.200000000000000178e+00 3.466319963718923274e+06
7.250000000000000000e+00 3.454346456563638058e+06
7.299999999999999822e+00 3.442496176504472736e+06
7.349999999999999645e+00 3.430767024257990066e+06
7.400000000000000355e+00 3.419156950270402711e+06
7.450000000000000178e+00 3.407663953213132918e+06
7.500000000000000000e+00 3.396286078533624299e+06
7.549999999999999822e+00 3.385021417059028521e+06
7.599999999999999645e+00 3.373868103650501929e+06
7.650000000000000355e+00 3.362824315905952360e+06
7.700000000000000178e+00 3.351888272909197956e+06
7.750000000000000000e+00 3.341058234023577068e+06
7.799999999999999822e+00 3.330332497728167102e+06
7.849999999999999645e+00 3.319709400494827889e+06
7.900000000000000355e+00 3.309187315704409964e+06
7.950000000000000178e+00 3.298764652600502595e+06
8.000000000000000000e+00 3.288439855279205367e+06
8.050000000000000711e+00 3.278211401713469997e+06
8.099999999999999645e+00 3.268077802810610738e+06
8.150000000000000355e+00 3.258037601501668338e+06
8.199999999999999289e+00 3.248089371861364227e+06
8.250000000000000000e+00 3.238231718257428613e+06
8.300000000000000711e+00 3.228463274528158829e+06
8.349999999999999645e+00 3.218782703187107109e+06
8.400000000000000355e+00 3.209188694653840736e+06
8.449999999999999289e+00 3.199679966509775724e+06
8.500000000000000000e+00 3.190255262778121978e+06
8.550000000000000711e+00 3.180913353227023035e+06
8.599999999999999645e+00 3.171653032695011236e+06
8.650000000000000355e+00 3.162473120437936857e+06
8.699999999999999289e+00 3.153372459496573545e+06
8.750000000000000000e+00 3.144349916084127501e+06
8.800000000000000711e+00 3.135404378992911894e+06
8.849999999999999645e+00 3.126534759019486140e+06
8.900000000000000355e+00 3.117739988407581113e+06
8.949999999999999289e+00 3.109019020308168605e+06
9.000000000000000000e+00 3.100370828256046865e+06
9.050000000000000711e+00 3.091794405662358738e+06
9.099999999999999645e+00 3.083288765322462190e+06
9.150000000000000355e+00 3.074852938938613515e+06
9.199999999999999289e+00 3.066485976656940300e+06
9.250000000000000000e+00 3.058186946618195623e+06
9.300000000000000711e+00 3.049954934521812480e+06
9.349999999999999645e+00 3.041789043202805333e+06
9.400000000000000355e+00 3.033688392221057322e+06
9.449999999999999289e+00 3.025652117462580092e+06
9.500000000000000000e+00 3.017679370752331335e+06
9.550000000000000711e+00 3.009769319478193298e+06
9.599999999999999645e+00 3.001921146225741599e+06
9.650000000000000355e+00 2.994134048423429020e+06
9.699999999999999289e+00 2.986407237997851335e+06
9.750000000000000000e+00 2.978739941038738005e+06
9.800000000000000711e+00 2.971131397473362740e+06
9.849999999999999645e+00 2.963580860750055406e+06
9.900000000000000355e+00 2.956087597530511674e+06
9.949999999999999289e+00 2.948650887390626129e+06
1.000000000000000000e+01 2.941270022529549431e+06
1.005000000000000071e+01 2.933944307486733422e+06
1.009999999999999964e+01 2.926673058866674546e+06
1.015000000000000036e+01 2.919455605071133468e+06
1.019999999999999929e+01 2.912291286038580816e+06
1.025000000000000000e+01 2.905179452990641817e+06
1.030000000000000071e+01 2.898119468185314909e+06
1.034999999999999964e+01 2.891110704676767811e+06
1.040000000000000036e+01 2.884152546081474051e+06
1.044999999999999929e+01 2.877244386350527871e+06
1.050000000000000000e+01 2.870385629547921009e+06
1.055000000000000071e+01 2.863575689634609036e+06
1.059999999999999964e+01 2.856813990258183330e+06
1.065000000000000036e+01 2.850099964547982905e+06
1.069999999999999929e+01 2.843433054915476590e+06
1.075000000000000000e+01 2.836812712859763298e+06
1.080000000000000071e+01 2.830238398778020404e+06
1.084999999999999964e+01 2.823709581780770328e+06
1.090000000000000036e+01 2.817225739511810709e+06
1.094999999999999929e+01 2.810786357972671278e+06
1.100000000000000000e+01 2.804390931351466104e+06
1.105000000000000071e+01 2.798038961856005248e+06
1.109999999999999964e+01 2.791729959551054984e+06
1.115000000000000036e+01 2.785463442199605051e+06
1.119999999999999929e+01 2.779238935108047910e+06
1.125000000000000000e+01 2.773055970975138713e+06
1.130000000000000071e+01 2.766914089744640980e+06
1.134999999999999964e+01 2.760812838461542036e+06
1.140000000000000036e+01 2.754751771131746005e+06
1.144999999999999929e+01 2.748730448585131671e+06
1.150000000000000000e+01 2.742748438341901172e+06
1.155000000000000071e+01 2.736805314482100308e+06
1.159999999999999964e+01 2.730900657518248539e+06
1.165000000000000036e+01 2.725034054270966444e+06
1.169999999999999929e+01 2.719205097747541964e+06
1.175000000000000000e+01 2.713413387023331597e+06
1.180000000000000071e+01 2.707658527125933208e+06
1.184999999999999964e+01 2.701940128922050353e+06
1.190000000000000036e+01 2.696257809006971307e+06
1.194999999999999929e+01 2.690611189596595708e+06
1.200000000000000000e+01 2.684999898421937600e+06
1.205000000000000071e+01 2.679423568626038730e+06
1.209999999999999964e+01 2.673881838663226925e+06
1.215000000000000036e+01 2.668374352200658992e+06
1.219999999999999929e+01 2.662900758022080641e+06
1.225000000000000000e+01 2.657460709933754522e+06
1.230000000000000071e+01 2.652053866672489326e+06
1.234999999999999964e+01 2.646679891815721989e+06
1.240000000000000036e+01 2.641338453693593852e+06
1.244999999999999929e+01 2.636029225302972365e+06
1.250000000000000000e+01 2.630751884223364294e+06
1.255000000000000071e+01 2.625506112534677610e+06
1.259999999999999964e+01 2.620291596736772917e+06
1.265000000000000036e+01 2.615108027670774143e+06
1.269999999999999929e+01 2.609955100442075636e+06
1.275000000000000000e+01 2.604832514345020987e+06
1.280000000000000071e+01 2.599739972789192572e+06
1.284999999999999964e+01 2.594677183227287605e+06
1.290000000000000036e+01 2.589643857084529940e+06
1.294999999999999929e+01 2.584639709689578507e+06
1.300000000000000000e+01 2.579664460206907708e+06
1.305000000000000071e+01 2.574717831570606213e+06
1.309999999999999964e+01 2.569799550419569947e+06
1.315000000000000036e+01 2.564909347034051549e+06
1.319999999999999929e+01 2.560046955273532774e+06
1.325000000000000000e+01 2.555212112515888177e+06
1.330000000000000071e+01 2.550404559597805608e+06
1.334999999999999964e+01 2.545624040756438393e+06
1.340000000000000036e+01 2.540870303572253790e+06
1.344999999999999929e+01 2.536143098913051654e+06
1.350000000000000000e+01 2.531442180879123975e+06
1.355000000000000071e+01 2.526767306749532931e+06
1.359999999999999964e+01 2.522118236929464154e+06
1.365000000000000036e+01 2.517494734898659866e+06
1.369999999999999929e+01 2.512896567160870880e+06
1.375000000000000000e+01 2.508323503194329794e+06
1.380000000000000071e+01 2.503775315403210465e+06
1.384999999999999964e+01 2.499251779070052318e+06
1.390000000000000036e+01 2.494752672309122514e+06
1.394999999999999929e+01 2.490277776020706631e+06
1.400000000000000000e+01 2.485826873846288770e+06
1.405000000000000071e+01 2.481399752124617808e+06
1.409999999999999964e+01 2.476996199848623946e+06
1.415000000000000036e+01 2.472616008623180911e+06
1.419999999999999929e+01 2.468258972623680718e+06
1.425000000000000000e+01 2.463924888555410318e+06
1.430000000000000071e+01 2.459613555613711942e+06
1.434999999999999964e+01 2.455324775444904808e+06
1.440000000000000036e+01 2.451058352107957937e+06
1.444999999999999929e+01 2.446814092036887072e+06
1.450000000000000000e+01 2.442591804003870115e+06
1.455000000000000071e+01 2.438391299083059654e+06
1.459999999999999964e+01 2.434212390615074430e+06
1.465000000000000036e+01 2.430054894172164146e+06
1.469999999999999929e+01 2.425918627524017356e+06
1.475000000000000000e+01 2.421803410604218021e+06
1.480000000000000071e+01 2.417709065477316733e+06
1.484999999999999964e+01 2.413635416306518950e+06
1.490000000000000036e+01 2.409582289321964141e+06
1.494999999999999929e+01 2.405549512789594941e+06
1.500000000000000000e+01 2.401536916980593000e+06
1.505000000000000071e+01 2.397544334141374566e+06
1.509999999999999964e+01 2.393571598464135546e+06
1.515000000000000036e+01 2.389618546057928819e+06
1.519999999999999929e+01 2.385685014920267742e+06
1.525000000000000000e+01 2.381770844909236301e+06
1.530000000000000071e+01 2.377875877716111485e+06
1.534999999999999964e+01 2.373999956838466693e+06
1.540000000000000036e+01 2.370142927553758491e+06
1.544999999999999929e+01 2.366304636893389747e+06
1.550000000000000000e+01 2.362484933617222589e+06
1.555000000000000071e+01 2.358683668188552838e+06
1.559999999999999964e+01 2.354900692749519367e+06
1.565000000000000036e+01 2.351135861096947920e+06
1.569999999999999929e+01 2.347389028658621479e+06
1.575000000000000000e+01 2.343660052469955757e+06
1.580000000000000071e+01 2.339948791151097044e+06
1.584999999999999964e+01 2.336255104884397704e+06
1.590000000000000036e+01 2.332578855392300989e+06
1.594999999999999929e+01 2.328919905915592331e+06
1.600000000000000000e+01 2.325278121192035265e+06
1.605000000000000071e+01 2.321653367435365450e+06
1.610000000000000142e+01 2.318045512314652093e+06
1.614999999999999858e+01 2.314454424934002105e+06
1.619999999999999929e+01 2.310879975812615361e+06
1.625000000000000000e+01 2.307322036865178961e+06
1.630000000000000071e+01 2.303780481382584665e+06
1.635000000000000142e+01 2.300255184012977872e+06
1.639999999999999858e+01 2.296746020743124653e+06
1.644999999999999929e+01 2.293252868880083784e+06
1.650000000000000000e+01 2.289775607033193577e+06
1.655000000000000071e+01 2.286314115096350666e+06
1.660000000000000142e+01 2.282868274230586831e+06
1.664999999999999858e+01 2.279437966846935451e+06
1.669999999999999929e+01 2.276023076589569449e+06
1.675000000000000000e+01 2.272623488319234457e+06
1.680000000000000071e+01 2.269239088096935302e+06
1.685000000000000142e+01 2.265869763167901430e+06
1.689999999999999858e+01 2.262515401945807505e+06
1.694999999999999929e+01 2.259175893997250590e+06
1.700000000000000000e+01 2.255851130026481114e+06
