5.000000000000000278e-02 1.315375942111682207e+03
1.000000000000000056e-01 9.301112484768141258e+02
1.499999999999999944e-01 7.594326542637373905e+02
2.000000000000000111e-01 6.576879710558411034e+02
2.500000000000000000e-01 5.882540045059098475e+02
2.999999999999999889e-01 5.369999796843874265e+02
3.499999999999999778e-01 4.971653747692577099e+02
4.000000000000000222e-01 4.650556242384070629e+02
4.500000000000000111e-01 4.384586473705607546e+02
5.000000000000000000e-01 4.159583956462707874e+02
5.500000000000000444e-01 3.966007689313358355e+02
5.999999999999999778e-01 3.797163271318686952e+02
6.500000000000000222e-01 3.648196465996478537e+02
6.999999999999999556e-01 3.515490078704934263e+02
7.500000000000000000e-01 3.396286078533623822e+02
8.000000000000000444e-01 3.288439855279205517e+02
8.499999999999999778e-01 3.190255262778121619e+02
9.000000000000000222e-01 3.100370828256047275e+02
9.499999999999999556e-01 3.017679370752331351e+02
1.000000000000000000e+00 2.941270022529549237e+02
1.050000000000000044e+00 2.870385629547920985e+02
1.100000000000000089e+00 2.804390931351466065e+02
1.149999999999999911e+00 2.742748438341901078e+02
1.199999999999999956e+00 2.684999898421937132e+02
1.250000000000000000e+00 2.630751884223363959e+02
1.300000000000000044e+00 2.579664460206907961e+02
1.350000000000000089e+00 2.531442180879124635e+02
1.399999999999999911e+00 2.485826873846288549e+02
1.449999999999999956e+00 2.442591804003870379e+02
1.500000000000000000e+00 2.401536916980593048e+02
1.550000000000000044e+00 2.362484933617222396e+02
1.600000000000000089e+00 2.325278121192035314e+02
1.649999999999999911e+00 2.289775607033193126e+02
1.699999999999999956e+00 2.255851130026480860e+02
1.750000000000000000e+00 2.223391148086438136e+02
1.800000000000000044e+00 2.192293236852803773e+02
1.850000000000000089e+00 2.162464728089908306e+02
1.899999999999999911e+00 2.133821546505727156e+02
1.949999999999999956e+00 2.106287211699708450e+02
2.000000000000000000e+00 2.079791978231353937e+02
2.049999999999999822e+00 2.054272091773507327e+02
2.100000000000000089e+00 2.029669143273752354e+02
2.149999999999999911e+00 2.005929506219344773e+02
2.200000000000000178e+00 1.983003844656679178e+02
2.250000000000000000e+00 1.960846681686366537e+02
2.299999999999999822e+00 1.939416019840371632e+02
2.350000000000000089e+00 1.918673006126555549e+02
2.399999999999999911e+00 1.898581635659343476e+02
2.450000000000000178e+00 1.879108488730974500e+02
2.500000000000000000e+00 1.860222496953628024e+02
2.549999999999999822e+00 1.841894734748568965e+02
2.600000000000000089e+00 1.824098232998239268e+02
2.649999999999999911e+00 1.806807812129987951e+02
2.700000000000000178e+00 1.789999932281291706e+02
2.750000000000000000e+00 1.773652558518307387e+02
2.799999999999999822e+00 1.757745039352467131e+02
2.850000000000000089e+00 1.742257997031838954e+02
2.899999999999999911e+00 1.727173228281818922e+02
2.950000000000000178e+00 1.712473614338951222e+02
3.000000000000000000e+00 1.698143039266811911e+02
3.049999999999999822e+00 1.684166315667733613e+02
3.100000000000000089e+00 1.670529117011788856e+02
3.149999999999999911e+00 1.657217915897525700e+02
3.200000000000000178e+00 1.644219927639602759e+02
3.250000000000000000e+00 1.631523058648525364e+02
3.299999999999999822e+00 1.619115859128714305e+02
3.350000000000000089e+00 1.606987479674357076e+02
3.399999999999999911e+00 1.595127631389060809e+02
3.450000000000000178e+00 1.583526549196122346e+02
3.500000000000000000e+00 1.572174958042063793e+02
3.549999999999999822e+00 1.561064041727604206e+02
3.600000000000000089e+00 1.550185414128023638e+02
3.649999999999999911e+00 1.539531092589423054e+02
3.700000000000000178e+00 1.529093473309097817e+02
3.750000000000000000e+00 1.518865308527474838e+02
3.799999999999999822e+00 1.508839685376165676e+02
3.850000000000000089e+00 1.499010006241866506e+02
3.899999999999999911e+00 1.489369970519368849e+02
3.950000000000000178e+00 1.479913557639023622e+02
4.000000000000000000e+00 1.470635011264774619e+02
4.049999999999999822e+00 1.461528824568535754e+02
4.099999999999999645e+00 1.452589726495320690e+02
4.150000000000000355e+00 1.443812668941305617e+02
4.200000000000000178e+00 1.435192814773960492e+02
4.250000000000000000e+00 1.426725526629666945e+02
4.299999999999999822e+00 1.418406356429881612e+02
4.349999999999999645e+00 1.410231035562008230e+02
4.400000000000000355e+00 1.402195465675733033e+02
4.450000000000000178e+00 1.394295710049751449e+02
4.500000000000000000e+00 1.386527985487569197e+02
4.549999999999999822e+00 1.378888654704484225e+02
4.599999999999999645e+00 1.371374219170950539e+02
4.650000000000000355e+00 1.363981312380338409e+02
4.700000000000000178e+00 1.356706693511665662e+02
4.750000000000000000e+00 1.349547241460200837e+02
4.799999999999999822e+00 1.342499949210968566e+02
4.849999999999999645e+00 1.335561918532117716e+02
4.900000000000000355e+00 1.328730354966877201e+02
4.950000000000000178e+00 1.322002563104452975e+02
5.000000000000000000e+00 1.315375942111681979e+02
5.049999999999999822e+00 1.308847981508625651e+02
5.099999999999999645e+00 1.302416257172510257e+02
5.150000000000000355e+00 1.296078427555580959e+02
5.200000000000000178e+00 1.289832230103453981e+02
5.250000000000000000e+00 1.283675477861536081e+02
5.299999999999999822e+00 1.277606056257943976e+02
5.349999999999999645e+00 1.271621920052179604e+02
5.400000000000000355e+00 1.265721090439562317e+02
5.450000000000000178e+00 1.259901652302104793e+02
5.500000000000000000e+00 1.254161751597164880e+02
5.549999999999999822e+00 1.248499592875779314e+02
5.599999999999999645e+00 1.242913436923144275e+02
5.650000000000000355e+00 1.237401598514194063e+02
5.700000000000000178e+00 1.231962444277705089e+02
5.750000000000000000e+00 1.226594390662776277e+02
5.799999999999999822e+00 1.221295902001935190e+02
5.849999999999999645e+00 1.216065488665492893e+02
5.900000000000000355e+00 1.210901705302108837e+02
5.950000000000000178e+00 1.205803149160846459e+02
6.000000000000000000e+00 1.200768458490296524e+02
6.049999999999999822e+00 1.195796311010620059e+02
6.099999999999999645e+00 1.190885422454618094e+02
6.150000000000000355e+00 1.186034545174170063e+02
6.200000000000000178e+00 1.181242466808611198e+02
6.250000000000000000e+00 1.176508009011819809e+02
6.299999999999999822e+00 1.171830026234978135e+02
6.349999999999999645e+00 1.167207404562154380e+02
6.400000000000000355e+00 1.162639060596017657e+02
6.450000000000000178e+00 1.158123940391151905e+02
6.500000000000000000e+00 1.153661018432589458e+02
6.549999999999999822e+00 1.149249296657311419e+02
6.599999999999999645e+00 1.144887803516596563e+02
6.650000000000000355e+00 1.140575593077221441e+02
6.700000000000000178e+00 1.136311744159617234e+02
6.750000000000000000e+00 1.132095359511208130e+02
6.799999999999999822e+00 1.127925565013240430e+02
6.849999999999999645e+00 1.123801508919514589e+02
6.900000000000000355e+00 1.119722361125511156e+02
6.950000000000000178e+00 1.115687312466491079e+02
7.000000000000000000e+00 1.111695574043219068e+02
7.049999999999999822e+00 1.107746376574035452e+02
7.099999999999999645e+00 1.103838969772068452e+02
7.150000000000000355e+00 1.099972621746443764e+02
7.200000000000000178e+00 1.096146618426401886e+02
7.250000000000000000e+00 1.092360263007299324e+02
7.299999999999999822e+00 1.088612875417515653e+02
7.349999999999999645e+00 1.084903791805338926e+02
7.400000000000000355e+00 1.081232364044954153e+02
7.450000000000000178e+00 1.077597959260695575e+02
7.500000000000000000e+00 1.073999959368775023e+02
7.549999999999999822e+00 1.070437760635727784e+02
7.599999999999999645e+00 1.066910773252863578e+02
7.650000000000000355e+00 1.063418420926040540e+02
7.700000000000000178e+00 1.059960140480112756e+02
7.750000000000000000e+00 1.056535381477437596e+02
7.799999999999999822e+00 1.053143605849854225e+02
7.849999999999999645e+00 1.049784287543575800e+02
7.900000000000000355e+00 1.046456912176462168e+02
7.950000000000000178e+00 1.043160976707167293e+02
8.000000000000000000e+00 1.039895989115676969e+02
8.050000000000000711e+00 1.036661468094777518e+02
8.099999999999999645e+00 1.033456942752015664e+02
8.150000000000000355e+00 1.030281952321729619e+02
8.199999999999999289e+00 1.027136045886753664e+02
8.250000000000000000e+00 1.024018782109413195e+02
8.300000000000000711e+00 1.020929728971444916e+02
8.349999999999999645e+00 1.017868463522497677e+02
8.400000000000000355e+00 1.014834571636876177e+02
8.449999999999999289e+00 1.011827647778217028e+02
8.500000000000000000e+00 1.008847294771785670e+02
8.550000000000000711e+00 1.005893123584110498e+02
8.599999999999999645e+00 1.002964753109672387e+02
8.650000000000000355e+00 1.000061809964387152e+02
8.699999999999999289e+00 9.971839282856232956e+01
8.750000000000000000e+00 9.943307495385153061e+01
8.800000000000000711e+00 9.915019223283395888e+01
8.849999999999999645e+00 9.886971022187249503e+01
8.900000000000000355e+00 9.859159515554915743e+01
8.949999999999999289e+00 9.831581392959101606e+01
9.000000000000000000e+00 9.804233408431832686e+01
9.050000000000000711e+00 9.777112378859648345e+01
9.099999999999999645e+00 9.750215182427366756e+01
9.150000000000000355e+00 9.723538757108663333e+01
9.199999999999999289e+00 9.697080099201858161e+01
9.250000000000000000e+00 9.670836261909266796e+01
9.300000000000000711e+00 9.644804353958639354e+01
9.349999999999999645e+00 9.618981538265181541e+01
9.400000000000000355e+00 9.593365030632777746e+01
9.449999999999999289e+00 9.567952098493071844e+01
9.500000000000000000e+00 9.542740059681069908e+01
9.550000000000000711e+00 9.517726281246076780e+01
9.599999999999999645e+00 9.492908178296717381e+01
9.650000000000000355e+00 9.468283212878917254e+01
9.699999999999999289e+00 9.443848892885758062e+01
9.750000000000000000e+00 9.419602770998076835e+01
9.800000000000000711e+00 9.395542443654872500e+01
9.849999999999999645e+00 9.371665550052476590e+01
9.900000000000000355e+00 9.347969771171553077e+01
9.949999999999999289e+00 9.324452828831043405e+01
1.000000000000000000e+01 9.301112484768140121e+01
1.005000000000000071e+01 9.277946539743483356e+01
1.009999999999999964e+01 9.254952832670741714e+01
1.015000000000000036e+01 9.232129239769804485e+01
1.019999999999999929e+01 9.209473673742844824e+01
1.025000000000000000e+01 9.186984082972496424e+01
1.030000000000000071e+01 9.164658450741487172e+01
1.034999999999999964e+01 9.142494794473003594e+01
1.040000000000000036e+01 9.120491164991196342e+01
1.044999999999999929e+01 9.098645645801151716e+01
1.050000000000000000e+01 9.076956352387740878e+01
1.055000000000000071e+01 9.055421431532785448e+01
1.059999999999999964e+01 9.034039060649939756e+01
1.065000000000000036e+01 9.012807447136773931e+01
1.069999999999999929e+01 8.991724827743540516e+01
1.075000000000000000e+01 8.970789467958086050e+01
1.080000000000000071e+01 8.949999661406458529e+01
1.084999999999999964e+01 8.929353729268727591e+01
1.090000000000000036e+01 8.908850019709541357e+01
1.094999999999999929e+01 8.888486907323020603e+01
1.100000000000000000e+01 8.868262792591536936e+01
1.105000000000000071e+01 8.848176101357969969e+01
1.109999999999999964e+01 8.828225284311074006e+01
1.115000000000000036e+01 8.808408816483526493e+01
1.119999999999999929e+01 8.788725196762335656e+01
1.125000000000000000e+01 8.769172947411215091e+01
1.130000000000000071e+01 8.749750613604604155e+01
1.134999999999999964e+01 8.730456762972987406e+01
1.140000000000000036e+01 8.711289985159194771e+01
1.144999999999999929e+01 8.692248891385371223e+01
1.150000000000000000e+01 8.673332114030303330e+01
1.155000000000000071e+01 8.654538306216841193e+01
1.159999999999999964e+01 8.635866141409094610e+01
1.165000000000000036e+01 8.617314313019144834e+01
1.169999999999999929e+01 8.598881534023027484e+01
1.175000000000000000e+01 8.580566536585698145e+01
1.180000000000000071e+01 8.562368071694756111e+01
1.184999999999999964e+01 8.544284908802670486e+01
1.190000000000000036e+01 8.526315835477286953e+01
1.194999999999999929e+01 8.508459657060382142e+01
1.200000000000000000e+01 8.490715196334059556e+01
1.205000000000000071e+01 8.473081293194756825e+01
1.209999999999999964e+01 8.455556804334673870e+01
1.215000000000000036e+01 8.438140602930414502e+01
1.219999999999999929e+01 8.420831578338668066e+01
1.225000000000000000e+01 8.403628635798713731e+01
1.230000000000000071e+01 8.386530696141582553e+01
1.234999999999999964e+01 8.369536695505721013e+01
1.240000000000000036e+01 8.352645585058944278e+01
1.244999999999999929e+01 8.335856330726548435e+01
1.250000000000000000e+01 8.319167912925415465e+01
1.255000000000000071e+01 8.302579326303936114e+01
1.259999999999999964e+01 8.286089579487628498e+01
1.265000000000000036e+01 8.269697694830279033e+01
1.269999999999999929e+01 8.253402708170494861e+01
1.275000000000000000e+01 8.237203668593488715e+01
1.280000000000000071e+01 8.221099638198013793e+01
1.284999999999999964e+01 8.205089691868269597e+01
1.290000000000000036e+01 8.189172917050684930e+01
1.294999999999999929e+01 8.173348413535440216e+01
1.300000000000000000e+01 8.157615293242626819e+01
1.305000000000000071e+01 8.141972680012901264e+01
1.309999999999999964e+01 8.126419709402551916e+01
1.315000000000000036e+01 8.110955528482845978e+01
1.319999999999999929e+01 8.095579295643571527e+01
1.325000000000000000e+01 8.080290180400643862e+01
1.330000000000000071e+01 8.065087363207713622e+01
1.334999999999999964e+01 8.049970035271644520e+01
1.340000000000000036e+01 8.034937398371785378e+01
1.344999999999999929e+01 8.019988664682946933e+01
1.350000000000000000e+01 8.005123056601975406e+01
1.355000000000000071e+01 7.990339806577868842e+01
1.359999999999999964e+01 7.975638156945304047e+01
1.365000000000000036e+01 7.961017359761548562e+01
1.369999999999999929e+01 7.946476676646631176e+01
1.375000000000000000e+01 7.932015378626718416e+01
1.380000000000000071e+01 7.917632745980611730e+01
1.384999999999999964e+01 7.903328068089304281e+01
1.390000000000000036e+01 7.889100643288503534e+01
1.394999999999999929e+01 7.874949778724075600e+01
1.400000000000000000e+01 7.860874790210318963e+01
1.405000000000000071e+01 7.846875002091030638e+01
1.409999999999999964e+01 7.832949747103272387e+01
1.415000000000000036e+01 7.819098366243790110e+01
1.419999999999999929e+01 7.805320208638021029e+01
1.425000000000000000e+01 7.791614631411637504e+01
1.430000000000000071e+01 7.777980999564555020e+01
1.434999999999999964e+01 7.764418685847364543e+01
1.440000000000000036e+01 7.750927070640118188e+01
1.444999999999999929e+01 7.737505541833424161e+01
1.450000000000000000e+01 7.724153494711819690e+01
1.455000000000000071e+01 7.710870331839312541e+01
1.459999999999999964e+01 7.697655462947115268e+01
1.465000000000000036e+01 7.684508304823469871e+01
1.469999999999999929e+01 7.671428281205535882e+01
1.475000000000000000e+01 7.658414822673307754e+01
1.480000000000000071e+01 7.645467366545489085e+01
1.484999999999999964e+01 7.632585356777310892e+01
1.490000000000000036e+01 7.619768243860227130e+01
1.494999999999999929e+01 7.607015484723466159e+01
1.500000000000000000e+01 7.594326542637374189e+01
1.505000000000000071e+01 7.581700887118540777e+01
1.509999999999999964e+01 7.569137993836655198e+01
1.515000000000000036e+01 7.556637344523032596e+01
1.519999999999999929e+01 7.544198426880828379e+01
1.525000000000000000e+01 7.531820734496842817e+01
1.530000000000000071e+01 7.519503766754935725e+01
1.534999999999999964e+01 7.507247028750980178e+01
1.540000000000000036e+01 7.495050031209332531e+01
1.544999999999999929e+01 7.482912290400815891e+01
1.550000000000000000e+01 7.470833328062120415e+01
1.555000000000000071e+01 7.458812671316667320e+01
1.559999999999999964e+01 7.446849852596844244e+01
1.565000000000000036e+01 7.434944409567624746e+01
1.569999999999999929e+01 7.423095885051509413e+01
1.575000000000000000e+01 7.411303826954794260e+01
1.580000000000000071e+01 7.399567788195118112e+01
1.584999999999999964e+01 7.387887326630264795e+01
1.590000000000000036e+01 7.376262004988201681e+01
1.594999999999999929e+01 7.364691390798321891e+01
1.600000000000000000e+01 7.353175056323873093e+01
1.605000000000000071e+01 7.341712578495547348e+01
1.610000000000000142e+01 7.330303538846189326e+01
1.614999999999999858e+01 7.318947523446647097e+01
1.619999999999999929e+01 7.307644122842678769e+01
1.625000000000000000e+01 7.296392931992957642e+01
1.630000000000000071e+01 7.285193550208101954e+01
1.635000000000000142e+01 7.274045581090744861e+01
1.639999999999999858e+01 7.262948632476603450e+01
1.644999999999999929e+01 7.251902316376535396e+01
1.650000000000000000e+01 7.240906248919556276e+01
1.655000000000000071e+01 7.229960050296826068e+01
1.660000000000000142e+01 7.219063344706528085e+01
1.664999999999999858e+01 7.208215760299694352e+01
1.669999999999999929e+01 7.197416929126900698e+01
1.675000000000000000e+01 7.186666487085848587e+01
1.680000000000000071e+01 7.175964073869802462e+01
1.685000000000000142e+01 7.165309332916871199e+01
1.689999999999999858e+01 7.154701911360108113e+01
1.694999999999999929e+01 7.144141459978430930e+01
1.700000000000000000e+01 7.133627633148334724e+01
